P7     5E  ps6  
Mean: 2.64307
Best: 2.09918

P1     5E  ps3  
Mean: 1.881822
Best: 1.62122
